 [1.7878787878787878, 1.887878787878788, 1.987878787878788, 1.6878787878787878, 1.5878787878787877, 1.4878787878787876]
[(-11598.075139275314, 80), (-12458.66895888219, 91), (-11343.071330685447, 103), (-13579.174054837777, 70), (-10780.036804133188, 59), (-9485.401431427477, 49)]
[1.7878787878787878, 1.887878787878788, 1.987878787878788, 1.6878787878787878, 1.5878787878787877, 1.4878787878787876]
[(-11895.883930294189, 80), (-12523.741720447566, 91), (-11714.683113769717, 101), (-15093.789597495153, 70), (-10708.316224396702, 59), (-10038.4822419995, 49)]
[1.7878787878787878, 1.887878787878788, 1.987878787878788, 1.6878787878787878, 1.5878787878787877, 1.4878787878787876]
[(-11960.398771321465, 80), (-12062.977993799366, 91), (-11221.916192967878, 103), (-14579.429484821718, 70), (-10326.354988130784, 59), (-9797.289176022885, 49)]
[1.7878787878787878, 1.887878787878788, 1.987878787878788, 1.6878787878787878, 1.5878787878787877, 1.4878787878787876]
[(-13605.917874602083, 80), (-10826.301633422994, 91), (-10119.644652001787, 101), (-14236.97514612626, 70), (-10599.850363214691, 59), (-10235.506870873347, 49)]
[1.7878787878787878, 1.887878787878788, 1.987878787878788, 1.6878787878787878, 1.5878787878787877, 1.4878787878787876]
[(-12830.351836302638, 80), (-9490.818736187512, 93), (-9491.035287384173, 103), (-13353.99257074583, 70), (-10191.602233658285, 59), (-9886.084169734602, 49)]
[1.7878787878787878, 1.887878787878788, 1.987878787878788, 1.6878787878787878, 1.5878787878787877, 1.4878787878787876]
[(-12328.870409807589, 80), (-9587.321921529106, 93), (-9192.153900918705, 103), (-12853.146688028459, 70), (-10291.130997923116, 59), (-9643.59932334409, 49)]
[1.7878787878787878, 1.887878787878788, 1.987878787878788, 1.6878787878787878, 1.5878787878787877, 1.4878787878787876]
[(-10806.138938344937, 82), (-9332.912396048736, 93), (-9108.130724900808, 103), (-10342.189564703236, 70), (-9790.944103627035, 61), (-8581.585764313197, 49)]
[1.7878787878787878, 1.887878787878788, 1.987878787878788, 1.6878787878787878, 1.5878787878787877, 1.4878787878787876]
[(-11019.071666440097, 82), (-10018.54715120396, 93), (-9791.312410217017, 103), (-8663.357776318373, 72), (-10077.721049725049, 61), (-8088.727500230951, 49)]
2,